6 /packetpunk/sync 1
54 /gyrosc/comp 243.029678
57 /gyrosc/gyro -0.058021 0.080349 0.102955
60 /gyrosc/accel -0.016315 -0.015951 -0.014333
65 /gyrosc/comp 243.029678
68 /gyrosc/gyro -0.057937 0.080036 0.102835
72 /gyrosc/rrate 0.017610 -0.058404 -0.026890
75 /gyrosc/comp 243.029678
79 /gyrosc/rmatrix 0.992419 0.095402 -0.077476 -0.099899 0.993397 -0.056408 0.071583 0.063720 0.995397
83 /gyrosc/comp 243.029678
88 /gyrosc/rmatrix 0.992494 0.095004 -0.077012 -0.099471 0.993441 -0.056403 0.071148 0.063640 0.995434
92 /gyrosc/comp 243.029678
95 /gyrosc/gyro -0.056468 0.076964 0.099596
99 /gyrosc/comp 243.029678
101 /gyrosc/gyro -0.056631 0.076542 0.099210
106 /gyrosc/comp 243.029678
109 /gyrosc/gyro -0.056762 0.076246 0.098833
112 /gyrosc/comp 243.029678
115 /gyrosc/gyro -0.056792 0.076165 0.098648
118 /gyrosc/accel -0.009349 -0.006774 -0.017309
122 /gyrosc/comp 243.029678
125 /gyrosc/gyro -0.056736 0.076018 0.098243
128 /gyrosc/comp 243.029678
131 /gyrosc/gyro -0.056662 0.075930 0.098041
135 /gyrosc/accel -0.008780 -0.001135 -0.023875
138 /gyrosc/comp 243.029678
141 /gyrosc/gyro -0.056455 0.075792 0.097677
144 /gyrosc/rrate 0.026936 -0.005809 -0.030154
149 /gyrosc/comp 243.029678
152 /gyrosc/gyro -0.056154 0.075742 0.097386
155 /gyrosc/accel -0.000767 -0.003467 -0.017775
159 /gyrosc/comp 243.029678
163 /gyrosc/rmatrix 0.992829 0.092623 -0.075571 -0.096966 0.993713 -0.055970 0.069911 0.062896 0.995568
167 /gyrosc/comp 243.029678
170 /gyrosc/gyro -0.055684 0.075856 0.097092
173 /gyrosc/comp 243.029678
176 /gyrosc/gyro -0.055405 0.076091 0.096980
180 /gyrosc/grav 0.075901 0.055377 -0.995576
183 /gyrosc/comp 243.029678
185 /gyrosc/comp 243.029678
190 /gyrosc/gyro -0.055034 0.076536 0.096987
193 /gyrosc/accel 0.011056 -0.009642 -0.000149
196 /gyrosc/comp 243.029678
199 /gyrosc/gyro -0.054860 0.076755 0.097059
205 /gyrosc/rmatrix 0.992771 0.092436 -0.076565 -0.096761 0.993796 -0.054832 0.071021 0.061844 0.995556
209 /gyrosc/alt 0.200817 101.101807
212 /gyrosc/gyro -0.054812 0.076846 0.097103
216 /gyrosc/comp 243.029678
218 /gyrosc/gyro -0.054758 0.076958 0.097146
222 /gyrosc/accel 0.015777 -0.011335 0.003480
225 /gyrosc/comp 243.029678
228 /gyrosc/comp 243.029678
232 /gyrosc/gyro -0.054707 0.076996 0.097216
235 /gyrosc/accel 0.018929 -0.010994 -0.002425
238 /gyrosc/comp 243.029678
242 /gyrosc/gyro -0.054667 0.076988 0.097360
245 /gyrosc/accel 0.021073 -0.006757 -0.005321
248 /gyrosc/comp 243.029678
253 /gyrosc/rmatrix 0.992702 0.092963 -0.076814 -0.097284 0.993760 -0.054560 0.071263 0.061635 0.995551
258 /gyrosc/grav 0.076814 0.054560 -0.995551
262 /gyrosc/gyro -0.054532 0.077036 0.097737
265 /gyrosc/grav 0.076845 0.054505 -0.995552
268 /gyrosc/comp 243.029678
273 /gyrosc/accel 0.027116 -0.004169 -0.013514
276 /gyrosc/comp 243.029678
278 /gyrosc/accel 0.028260 -0.003070 -0.018282
282 /gyrosc/comp 243.029678
286 /gyrosc/rmatrix 0.992530 0.094272 -0.077434 -0.098593 0.993662 -0.054003 0.071853 0.061234 0.995534
291 /gyrosc/comp 243.029678
294 /gyrosc/gyro -0.053788 0.078149 0.099622
298 /gyrosc/quat 0.997689 -0.028781 0.037664 0.048685
301 /gyrosc/comp 243.029678
304 /gyrosc/gyro -0.053520 0.078759 0.100466
308 /gyrosc/quat 0.997660 -0.028679 0.037963 0.049103
313 /gyrosc/accel 0.021939 0.001087 -0.016838
316 /gyrosc/comp 243.029678
319 /gyrosc/gyro -0.053031 0.079473 0.101759
322 /gyrosc/comp 243.029678
325 /gyrosc/gyro -0.052595 0.079914 0.102567
331 /gyrosc/rmatrix 0.992000 0.097886 -0.079718 -0.102246 0.993369 -0.052571 0.074044 0.060301 0.995430
335 /gyrosc/comp 243.029678
338 /gyrosc/rrate 0.048071 0.047298 0.080325
341 /gyrosc/comp 243.029678
344 /gyrosc/gyro -0.051741 0.080839 0.103721
348 /gyrosc/accel 0.014892 0.010172 -0.027915
351 /gyrosc/grav 0.080643 0.051718 -0.995400
356 /gyrosc/comp 243.029678
359 /gyrosc/gyro -0.050756 0.082151 0.104986
362 /gyrosc/accel 0.010927 0.013505 -0.030123
365 /gyrosc/comp 243.029678
368 /gyrosc/gyro -0.050058 0.083310 0.106000
371 /gyrosc/comp 243.029678
374 /gyrosc/gyro -0.049379 0.084640 0.107164
377 /gyrosc/quat 0.997423 -0.026895 0.040913 0.052449
381 /gyrosc/comp 243.029678
383 /gyrosc/gyro -0.049061 0.085332 0.107787
386 /gyrosc/comp 243.029678
389 /gyrosc/gyro -0.048490 0.086675 0.109060
393 /gyrosc/accel 0.009711 0.012259 -0.017513
397 /gyrosc/comp 243.029678
401 /gyrosc/rmatrix 0.990664 0.104899 -0.087068 -0.109367 0.992831 -0.048228 0.081385 0.057300 0.995034
406 /gyrosc/comp 243.029678
409 /gyrosc/gyro -0.047789 0.088334 0.111024
412 /gyrosc/accel 0.007157 0.009053 -0.020234
416 /gyrosc/rrate 0.036323 0.088793 0.131302
419 /gyrosc/gyro -0.047252 0.089238 0.112281
423 /gyrosc/rmatrix 0.990221 0.107416 -0.089020 -0.111920 0.992594 -0.047235 0.083287 0.056736 0.994909
428 /gyrosc/accel 0.000465 0.007939 -0.032425
433 /gyrosc/rrate 0.065128 0.072865 0.119833
436 /gyrosc/comp 243.029678
439 /gyrosc/accel -0.003897 0.011128 -0.036944
442 /gyrosc/comp 243.029678
445 /gyrosc/gyro -0.044886 0.091408 0.114991
448 /gyrosc/comp 243.029678
450 /gyrosc/gyro -0.044214 0.091952 0.115490
453 /gyrosc/comp 243.029678
456 /gyrosc/gyro -0.042799 0.093196 0.116483
459 /gyrosc/accel -0.011159 0.010513 -0.038699
462 /gyrosc/comp 243.029678
465 /gyrosc/gyro -0.041421 0.094579 0.117467
468 /gyrosc/grav 0.094357 0.041409 -0.994677
476 /gyrosc/comp 243.029678
486 /gyrosc/gyro -0.040811 0.095257 0.117932
490 /gyrosc/accel -0.019747 0.009631 -0.021720
495 /gyrosc/rmatrix 0.989009 0.113272 -0.095033 -0.117561 0.992227 -0.040799 0.089673 0.051523 0.994638
500 /gyrosc/rrate 0.108664 0.129320 0.101124
504 /gyrosc/quat 0.996980 -0.023151 0.046317 0.057883
508 /gyrosc/grav 0.095033 0.040799 -0.994638
512 /gyrosc/mag 31.384506 -34.949570 -237.939911
515 /gyrosc/comp 243.029678
517 /gyrosc/comp 243.029678
520 /gyrosc/gyro -0.037182 0.099038 0.120790
525 /gyrosc/grav 0.099847 0.035845 -0.994357
528 /gyrosc/accel -0.026157 0.004258 -0.015019
531 /gyrosc/comp 243.029678
534 /gyrosc/gyro -0.033501 0.101444 0.121854
537 /gyrosc/comp 243.029678
540 /gyrosc/gyro -0.031867 0.102176 0.122011
544 /gyrosc/accel -0.025699 -0.005067 -0.002516
547 /gyrosc/comp 243.029678
550 /gyrosc/gyro -0.031091 0.102493 0.122009
555 /gyrosc/rmatrix 0.987744 0.117911 -0.102264 -0.121648 0.992086 -0.031086 0.097790 0.043145 0.994271
559 /gyrosc/comp 243.029678
562 /gyrosc/gyro -0.029772 0.102939 0.121783
567 /gyrosc/rrate 0.123392 0.037242 -0.024871
570 /gyrosc/gyro -0.028697 0.103168 0.121287
574 /gyrosc/accel -0.031471 0.000360 0.004924
577 /gyrosc/comp 243.029678
579 /gyrosc/comp 243.029678
582 /gyrosc/gyro -0.027306 0.103303 0.120207
586 /gyrosc/grav 0.103080 0.027303 -0.994298
588 /gyrosc/comp 243.029678
592 /gyrosc/gyro -0.026286 0.103408 0.119318
594 /gyrosc/comp 243.029678
597 /gyrosc/gyro -0.025682 0.103534 0.118839
601 /gyrosc/accel -0.017210 0.009966 -0.004889
604 /gyrosc/comp 243.029678
608 /gyrosc/gyro -0.024347 0.103732 0.117835
611 /gyrosc/accel -0.012940 0.016030 -0.005807
614 /gyrosc/comp 243.029678
617 /gyrosc/gyro -0.022825 0.103890 0.116804
620 /gyrosc/rrate 0.168369 0.022409 -0.086959
623 /gyrosc/comp 243.029678
628 /gyrosc/rmatrix 0.988155 0.113127 -0.103694 -0.115994 0.993005 -0.022033 0.100476 0.033800 0.994365
632 /gyrosc/comp 243.029678
635 /gyrosc/accel 0.004256 0.019882 0.001773
639 /gyrosc/grav 0.103792 0.020493 -0.994388
642 /gyrosc/comp 243.029678
645 /gyrosc/gyro -0.019080 0.104145 0.114126
651 /gyrosc/rmatrix 0.988338 0.111291 -0.103938 -0.113858 0.993314 -0.019079 0.101120 0.030690 0.994401
656 /gyrosc/comp 243.029678
659 /gyrosc/gyro -0.018411 0.104269 0.113563
663 /gyrosc/gps -37.774006 144.997299 62.236607 -1.000000 0.000000 11.442499
668 /gyrosc/rmatrix 0.988485 0.109752 -0.104168 -0.112129 0.993544 -0.017230 0.101605 0.028712 0.994410
673 /gyrosc/comp 243.029678
676 /gyrosc/gyro -0.016259 0.104350 0.111101
679 /gyrosc/gyro -0.015893 0.104263 0.110418
684 /gyrosc/mag 30.505554 -33.596863 -237.889267
687 /gyrosc/comp 243.029678
690 /gyrosc/quat 0.997158 -0.010427 0.051512 0.053986
693 /gyrosc/gyro -0.014608 0.103815 0.107438
696 /gyrosc/comp 243.029678
699 /gyrosc/gyro -0.014201 0.103709 0.106662
702 /gyrosc/mag 30.505554 -33.596863 -237.889267
706 /gyrosc/comp 243.029678
708 /gyrosc/gyro -0.013236 0.103644 0.105104
711 /gyrosc/comp 243.029678
714 /gyrosc/gyro -0.012687 0.103727 0.104312
719 /gyrosc/rmatrix 0.989356 0.102257 -0.103533 -0.104115 0.994484 -0.012687 0.101665 0.023331 0.994545
724 /gyrosc/comp 243.029678
727 /gyrosc/gyro -0.011457 0.104035 0.102728
730 /gyrosc/comp 243.029678
733 /gyrosc/gyro -0.010292 0.104524 0.101266
736 /gyrosc/accel 0.027492 0.031105 -0.004274
740 /gyrosc/comp 243.029678
742 /gyrosc/gyro -0.009758 0.104813 0.100616
745 /gyrosc/comp 243.029678
748 /gyrosc/gyro -0.008976 0.105438 0.099456
752 /gyrosc/accel 0.029909 0.025402 0.004493
755 /gyrosc/comp 243.029678
758 /gyrosc/accel 0.027970 0.024929 0.009861
760 /gyrosc/comp 243.029678
765 /gyrosc/gyro -0.008323 0.106417 0.097905
768 /gyrosc/accel 0.026859 0.023842 0.011063
771 /gyrosc/comp 243.029678
774 /gyrosc/gyro -0.008003 0.107060 0.096894
779 /gyrosc/rmatrix 0.989694 0.095337 -0.106852 -0.096739 0.995278 -0.008003 0.105585 0.018257 0.994243
783 /gyrosc/comp 243.029678
786 /gyrosc/gyro -0.007721 0.107635 0.095883
789 /gyrosc/comp 243.029678
792 /gyrosc/gyro -0.007560 0.107867 0.095348
798 /gyrosc/rmatrix 0.989750 0.093840 -0.107655 -0.095201 0.995429 -0.007560 0.106454 0.017731 0.994160
803 /gyrosc/comp 243.029678
806 /gyrosc/comp 243.029678
809 /gyrosc/gyro -0.007267 0.108322 0.093194
813 /gyrosc/accel 0.023072 0.013759 0.007327
816 /gyrosc/mag 30.882385 -33.131485 -237.628662
819 /gyrosc/comp 243.029678
821 /gyrosc/comp 243.029678
824 /gyrosc/gyro -0.007118 0.108266 0.091723
827 /gyrosc/comp 244.066910
830 /gyrosc/gyro -0.007059 0.108225 0.090729
833 /gyrosc/grav 0.108011 0.007059 -0.994125
836 /gyrosc/comp 244.066910
840 /gyrosc/gyro -0.007040 0.108221 0.090228
843 /gyrosc/rrate 0.012789 0.000903 -0.097338
847 /gyrosc/comp 244.066910
849 /gyrosc/gyro -0.007141 0.108300 0.089222
855 /gyrosc/rmatrix 0.990256 0.087812 -0.108086 -0.089101 0.995997 -0.007141 0.107026 0.016702 0.994116
859 /gyrosc/comp 244.066910
863 /gyrosc/gyro -0.007367 0.108406 0.088235
866 /gyrosc/comp 244.066910
868 /gyrosc/gyro -0.007532 0.108540 0.087754
872 /gyrosc/accel 0.005582 0.009558 -0.032478
877 /gyrosc/rmatrix 0.990362 0.086313 -0.108324 -0.087639 0.996124 -0.007532 0.107254 0.016953 0.994087
883 /gyrosc/comp 244.066910
885 /gyrosc/gyro -0.007961 0.109144 0.085829
891 /gyrosc/rmatrix 0.990465 0.084349 -0.108924 -0.085721 0.996287 -0.007961 0.107849 0.017223 0.994018
895 /gyrosc/comp 244.066910
898 /gyrosc/gyro -0.007937 0.109349 0.085342
901 /gyrosc/comp 244.066910
903 /gyrosc/gyro -0.007703 0.110003 0.084486
907 /gyrosc/comp 244.066910
909 /gyrosc/gyro -0.007262 0.110899 0.083849
912 /gyrosc/comp 244.066910
915 /gyrosc/gyro -0.007015 0.111395 0.083604
919 /gyrosc/quat 0.997579 -0.005825 0.055474 0.041530
923 /gyrosc/comp 244.066910
926 /gyrosc/accel -0.011982 0.010309 -0.034278
929 /gyrosc/comp 244.066910
932 /gyrosc/gyro -0.005926 0.113223 0.083023
935 /gyrosc/accel -0.015491 0.003122 -0.030728
938 /gyrosc/comp 244.066910
942 /gyrosc/gyro -0.005644 0.113671 0.082939
944 /gyrosc/comp 244.066910
947 /gyrosc/gyro -0.005074 0.114607 0.082774
951 /gyrosc/accel -0.022573 -0.003609 -0.024273
955 /gyrosc/quat 0.997506 -0.004900 0.057118 0.041162
958 /gyrosc/comp 244.066910
961 /gyrosc/accel -0.028673 -0.008056 -0.018043
965 /gyrosc/comp 244.066910
968 /gyrosc/gyro -0.004227 0.115930 0.082424
972 /gyrosc/quat 0.997476 -0.004495 0.057796 0.041009
975 /gyrosc/comp 244.066910
978 /gyrosc/grav 0.116286 0.003710 -0.993209
981 /gyrosc/comp 244.066910
984 /gyrosc/accel -0.036065 -0.021972 -0.028297
987 /gyrosc/comp 244.066910
990 /gyrosc/gyro -0.003019 0.116954 0.081189
992 /gyrosc/comp 244.066910
995 /gyrosc/gyro -0.002647 0.116932 0.080463
999 /gyrosc/accel -0.039746 -0.020927 -0.029431
1002 /gyrosc/comp 244.066910
1006 /gyrosc/gyro -0.002472 0.116865 0.080060
1011 /gyrosc/rmatrix 0.990021 0.079141 -0.116598 -0.079974 0.996794 -0.002472 0.116029 0.011772 0.993176
1015 /gyrosc/comp 244.066910
1018 /gyrosc/gyro -0.001979 0.116734 0.079205
1022 /gyrosc/accel -0.045271 -0.010875 -0.044802
1025 /gyrosc/comp 244.066910
1028 /gyrosc/gyro -0.001178 0.116596 0.078339
1030 /gyrosc/comp 244.066910
1034 /gyrosc/gyro -0.000655 0.116533 0.077881
1038 /gyrosc/rmatrix 0.990213 0.077198 -0.116269 -0.077802 0.996969 -0.000655 0.115866 0.009695 0.993218
1044 /gyrosc/comp 244.066910
1047 /gyrosc/comp 244.066910
1050 /gyrosc/gyro 0.002139 0.116576 0.075989
1053 /gyrosc/accel -0.051890 -0.001920 -0.055313
1059 /gyrosc/rmatrix 0.990328 0.075649 -0.116312 -0.075916 0.997112 0.002139 0.116138 0.006712 0.993210
1063 /gyrosc/comp 244.066910
1068 /gyrosc/rmatrix 0.990357 0.075281 -0.116304 -0.075450 0.997145 0.002956 0.116194 0.005848 0.993209
1072 /gyrosc/comp 244.066910
1075 /gyrosc/gyro 0.004655 0.116444 0.074575
1078 /gyrosc/comp 244.066910
1082 /gyrosc/gyro 0.006408 0.116360 0.073537
1085 /gyrosc/comp 244.066910
1088 /gyrosc/accel -0.056443 -0.014545 -0.046434
1092 /gyrosc/gyro 0.008970 0.116568 0.071583
1095 /gyrosc/mag 30.962112 -32.117340 -236.948151
1098 /gyrosc/comp 245.192688
1101 /gyrosc/gyro 0.010553 0.116973 0.070030
1103 /gyrosc/comp 245.192688
1107 /gyrosc/gyro 0.011298 0.117233 0.069213
1110 /gyrosc/grav 0.116957 -0.011297 -0.993073
1113 /gyrosc/comp 245.192688
1116 /gyrosc/gyro 0.012740 0.117770 0.067572
1119 /gyrosc/comp 245.192688
1123 /gyrosc/gyro 0.014184 0.118195 0.065890
1127 /gyrosc/accel -0.071033 -0.014183 -0.037945
1129 /gyrosc/comp 245.192688
1133 /gyrosc/gyro 0.014933 0.118348 0.065005
1137 /gyrosc/rmatrix 0.990793 0.066265 -0.118059 -0.064952 0.997777 0.014933 0.118786 -0.007127 0.992894
1142 /gyrosc/comp 245.192688
1145 /gyrosc/gyro 0.016538 0.118503 0.063062
1148 /gyrosc/alt 0.243093 101.101280
1151 /gyrosc/comp 245.192688
1154 /gyrosc/gyro 0.018345 0.118522 0.060894
1156 /gyrosc/comp 245.192688
1160 /gyrosc/gyro 0.019346 0.118485 0.059738
1165 /gyrosc/accel -0.074882 -0.007160 -0.032267
1168 /gyrosc/gyro 0.021555 0.118429 0.057331
1171 /gyrosc/mag 30.733170 -31.728790 -236.320160
1174 /gyrosc/comp 245.192688
1177 /gyrosc/gyro 0.023996 0.118455 0.054832
1181 /gyrosc/accel -0.076335 -0.013665 -0.022476
1184 /gyrosc/accel -0.076441 -0.012396 -0.022520
1187 /gyrosc/comp 246.385590
1190 /gyrosc/gyro 0.027772 0.118883 0.050763
1193 /gyrosc/rrate 0.276437 0.030479 -0.253950
1196 /gyrosc/comp 246.385590
1199 /gyrosc/gyro 0.030138 0.119282 0.047828
1203 /gyrosc/comp 246.385590
1207 /gyrosc/gyro 0.031245 0.119560 0.046313
1210 /gyrosc/accel -0.080704 -0.018839 0.006323
1213 /gyrosc/comp 246.385590
1216 /gyrosc/gyro 0.033187 0.120123 0.043144
1219 /gyrosc/accel -0.080004 -0.022117 0.012892
1222 /gyrosc/comp 246.385590
1225 /gyrosc/gyro 0.034758 0.120638 0.039782
1228 /gyrosc/comp 246.385590
1231 /gyrosc/gyro 0.035422 0.120860 0.038032
1236 /gyrosc/rmatrix 0.991825 0.042012 -0.120491 -0.037999 0.998650 0.035415 0.121816 -0.030547 0.992083
1241 /gyrosc/comp 246.385590
1244 /gyrosc/gyro 0.036676 0.121187 0.034459
1248 /gyrosc/mag 30.741241 -31.042877 -236.236267
1251 /gyrosc/comp 246.385590
1254 /gyrosc/gyro 0.038045 0.121366 0.030819
1256 /gyrosc/comp 247.528336
1260 /gyrosc/gyro 0.038848 0.121430 0.028929
1263 /gyrosc/accel -0.080742 -0.016399 -0.008464
1267 /gyrosc/gyro 0.040741 0.121638 0.024934
1270 /gyrosc/grav 0.121238 -0.040730 -0.991787
1273 /gyrosc/comp 247.528336
1276 /gyrosc/gyro 0.042945 0.121924 0.020570
1280 /gyrosc/accel -0.087452 -0.017844 -0.003029
1284 /gyrosc/comp 247.528336
1287 /gyrosc/rrate 0.286077 0.009590 -0.438397
1290 /gyrosc/comp 248.529419
1294 /gyrosc/rmatrix 0.992358 0.018899 -0.121939 -0.013332 0.998838 0.046313 0.122672 -0.044334 0.991457
1299 /gyrosc/comp 248.529419
1301 /gyrosc/gyro 0.048300 0.122551 0.008165
1304 /gyrosc/comp 248.529419
1307 /gyrosc/gyro 0.049158 0.122581 0.005486
1310 /gyrosc/accel -0.087672 -0.030863 0.024226
1313 /gyrosc/comp 248.529419
1315 /gyrosc/gyro 0.050605 0.122547 -0.000051
1466 /gyrosc/comp 248.529419
1469 /gyrosc/gyro 0.051238 0.122516 -0.002887
1473 /gyrosc/accel -0.084863 -0.025810 0.023535
1480 /gyrosc/rmatrix 0.992518 0.003393 -0.122049 0.002884 0.998683 0.051216 0.122062 -0.051185 0.991202
1485 /gyrosc/rrate 0.190506 -0.033807 -0.547665
1490 /gyrosc/quat 0.997798 0.025657 0.061162 0.000128
1493 /gyrosc/grav 0.122049 -0.051216 -0.991202
1496 /gyrosc/mag 31.924088 -30.418030 -236.325485
1499 /gyrosc/comp 248.529419
1502 /gyrosc/rrate 0.184268 0.003609 -0.567686
1505 /gyrosc/grav 0.124310 -0.057039 -0.990603
1510 /gyrosc/gyro 0.063341 0.128836 -0.081606
1673 /gyrosc/mag 33.303757 -29.873749 -236.481033
1677 /gyrosc/comp 254.412811
1681 /gyrosc/gyro 0.067533 0.133437 -0.112675
1685 /gyrosc/accel -0.038591 0.007606 -0.012308
1692 /gyrosc/rmatrix 0.985835 -0.102517 -0.132738 0.112181 0.991394 0.067481 0.124678 -0.081416 0.988851
1696 /gyrosc/comp 256.198975
1699 /gyrosc/gyro 0.068262 0.135476 -0.124465
1702 /gyrosc/accel -0.029417 0.003909 -0.010235
1705 /gyrosc/accel -0.023991 -0.000668 -0.008146
1710 /gyrosc/accel -0.022567 -0.001983 -0.005624
1713 /gyrosc/gyro 0.074686 0.141351 -0.198077
1882 /gyrosc/mag 35.667175 -27.755386 -235.406616
1886 /gyrosc/comp 263.229187
1889 /gyrosc/comp 264.271179
1892 /gyrosc/gyro 0.080150 0.142991 -0.270635
1897 /gyrosc/accel -0.002993 0.047029 -0.055818
1903 /gyrosc/rmatrix 0.956817 -0.253621 -0.142047 0.266486 0.960508 0.080065 0.116131 -0.114461 0.986617
1908 /gyrosc/comp 265.333771
1913 /gyrosc/rmatrix 0.951984 -0.270926 -0.142569 0.284222 0.955186 0.082692 0.113776 -0.119243 0.986325
1919 /gyrosc/mag 36.422989 -27.385071 -235.150864
1924 /gyrosc/quat 0.986246 0.051774 0.064952 -0.142897
1927 /gyrosc/rrate 0.290373 -0.086482 -0.722386
1931 /gyrosc/quat 0.979373 0.063486 0.062302 -0.181428
1935 /gyrosc/mag 39.492035 -24.591599 -234.663391
1938 /gyrosc/comp 276.259766
1941 /gyrosc/grav 0.127109 -0.114562 -0.985251
1945 /gyrosc/gyro 0.117001 0.128495 -0.492515
1948 /gyrosc/comp 277.263855
1951 /gyrosc/gyro 0.118454 0.128798 -0.501308
1955 /gyrosc/mag 41.212143 -23.682007 -234.650055
1959 /gyrosc/comp 277.263855
1964 /gyrosc/rmatrix 0.874920 -0.467163 -0.127572 0.481098 0.868583 0.118777 0.055319 -0.165295 0.984692
1968 /gyrosc/comp 277.263855
1971 /gyrosc/accel -0.003020 0.014009 0.002404
1974 /gyrosc/comp 277.263855
1977 /gyrosc/gyro 0.120315 0.127583 -0.525111
1981 /gyrosc/rrate 0.138220 -0.248090 -1.001316
1984 /gyrosc/comp 278.939789
1986 /gyrosc/comp 278.939789
1989 /gyrosc/gyro 0.120114 0.125377 -0.541120
1993 /gyrosc/accel -0.018389 -0.000261 -0.009413
2001 /gyrosc/rmatrix 0.858123 -0.498210 -0.124147 0.511385 0.850957 0.119826 0.045946 -0.166312 0.985002
2005 /gyrosc/gyro 0.119920 0.124049 -0.552379
2009 /gyrosc/comp 280.617981
2011 /gyrosc/gyro 0.119907 0.123571 -0.558111
2015 /gyrosc/accel -0.020840 0.006827 -0.030421
2018 /gyrosc/comp 281.938171
2021 /gyrosc/gyro 0.120144 0.123059 -0.569750
2024 /gyrosc/comp 281.938171
2027 /gyrosc/gyro 0.120744 0.123220 -0.581554
2030 /gyrosc/comp 281.938171
2033 /gyrosc/gyro 0.121170 0.123554 -0.587472
2037 /gyrosc/comp 283.292236
2041 /gyrosc/gyro 0.122219 0.124611 -0.599297
2044 /gyrosc/accel -0.010325 0.027783 -0.045856
2047 /gyrosc/comp 283.292236
2050 /gyrosc/gyro 0.123366 0.125950 -0.611184
2055 /gyrosc/rmatrix 0.821352 -0.556632 -0.124663 0.569476 0.812745 0.123054 0.032824 -0.172063 0.984539
2059 /gyrosc/comp 283.292236
2062 /gyrosc/accel -0.009554 0.024530 -0.031352
2065 /gyrosc/comp 283.292236
2068 /gyrosc/gyro 0.124957 0.128133 -0.629383
2072 /gyrosc/grav 0.126786 -0.124632 -0.984069
2075 /gyrosc/comp 283.292236
2078 /gyrosc/comp 285.600159
2082 /gyrosc/gyro 0.126238 0.130157 -0.648192
2085 /gyrosc/accel -0.007648 -0.002027 0.010797
2089 /gyrosc/quat 0.945355 0.080335 0.041480 -0.313256
2092 /gyrosc/comp 285.600159
2095 /gyrosc/accel -0.007725 -0.006644 0.014910
2098 /gyrosc/comp 287.080048
2101 /gyrosc/gyro 0.127526 0.132350 -0.674701
2104 /gyrosc/comp 287.080048
2107 /gyrosc/gyro 0.127795 0.132906 -0.681612
2110 /gyrosc/comp 288.662109
2113 /gyrosc/gyro 0.128288 0.134022 -0.695725
2118 /gyrosc/rmatrix 0.771663 -0.622073 -0.132523 0.635675 0.761281 0.127937 0.021302 -0.182966 0.982889
2124 /gyrosc/comp 288.662109
2127 /gyrosc/gyro 0.128735 0.135081 -0.710121
2132 /gyrosc/rmatrix 0.762646 -0.632877 -0.133556 0.646531 0.752008 0.128380 0.019186 -0.184257 0.982691
2136 /gyrosc/comp 288.662109
2140 /gyrosc/gyro 0.128955 0.135593 -0.717384
2143 /gyrosc/accel 0.002633 0.007138 0.014317
2146 /gyrosc/accel 0.007671 0.013840 0.012046
2149 /gyrosc/comp 290.309601
2152 /gyrosc/gyro 0.129825 0.137733 -0.746601
2156 /gyrosc/comp 291.972931
2159 /gyrosc/gyro 0.130078 0.138301 -0.753910
2162 /gyrosc/comp 291.972931
2165 /gyrosc/gyro 0.130614 0.139599 -0.768517
2169 /gyrosc/grav 0.137961 -0.130243 -0.981837
2172 /gyrosc/comp 291.972931
2175 /gyrosc/gyro 0.131126 0.141131 -0.783124
2178 /gyrosc/comp 293.631897
2181 /gyrosc/gyro 0.131326 0.142016 -0.790426
2185 /gyrosc/accel 0.020858 0.020139 0.011896
2191 /gyrosc/rmatrix 0.709632 -0.690459 -0.140320 0.704533 0.697485 0.130949 0.007457 -0.191785 0.981409
2195 /gyrosc/gyro 0.131539 0.143934 -0.804994
2200 /gyrosc/accel 0.023344 0.016338 0.015335
2203 /gyrosc/comp 295.285309
2206 /gyrosc/accel 0.022385 0.016341 0.015195
2209 /gyrosc/comp 295.285309
2213 /gyrosc/gyro 0.131366 0.146716 -0.826799
2216 /gyrosc/comp 296.943726
2219 /gyrosc/quat 0.910324 0.089795 0.040798 -0.401973
2222 /gyrosc/comp 296.943726
2225 /gyrosc/gyro 0.130894 0.148954 -0.848765
2228 /gyrosc/comp 296.943726
2232 /gyrosc/gyro 0.130631 0.150185 -0.863664
2236 /gyrosc/rmatrix 0.657160 -0.739008 -0.148347 0.753751 0.644121 0.130260 -0.000710 -0.197418 0.980319
2242 /gyrosc/comp 298.643707
2245 /gyrosc/gyro 0.130597 0.151330 -0.878758
2248 /gyrosc/comp 298.643707
2251 /gyrosc/gyro 0.130703 0.151874 -0.886360
2255 /gyrosc/accel 0.031457 0.009558 -0.006575
2258 /gyrosc/comp 300.379395
2260 /gyrosc/comp 300.379395
2263 /gyrosc/gyro 0.131676 0.153949 -0.917097
2267 /gyrosc/accel 0.031168 0.010202 -0.004283
2270 /gyrosc/comp 300.379395
2273 /gyrosc/gyro 0.131948 0.154455 -0.924836
2277 /gyrosc/grav 0.152504 -0.131565 -0.979506
2281 /gyrosc/comp 302.137238
2284 /gyrosc/gyro 0.132396 0.155481 -0.940286
2287 /gyrosc/accel 0.035312 0.009634 0.010373
2291 /gyrosc/comp 302.137238
2294 /gyrosc/gyro 0.132626 0.156518 -0.955637
2297 /gyrosc/comp 303.885986
2300 /gyrosc/gyro 0.132630 0.157030 -0.963261
2303 /gyrosc/accel 0.041536 0.005654 0.018527
2306 /gyrosc/comp 303.885986
2309 /gyrosc/accel 0.044061 0.004834 0.026083
2312 /gyrosc/comp 303.885986
2315 /gyrosc/gyro 0.131894 0.158656 -0.993601
2319 /gyrosc/accel 0.044842 0.004803 0.027204
2323 /gyrosc/comp 305.621460
2326 /gyrosc/gyro 0.131566 0.158869 -1.001183
2329 /gyrosc/comp 305.621460
2332 /gyrosc/gyro 0.130876 0.158968 -1.016382
2337 /gyrosc/rmatrix 0.537372 -0.828613 -0.156945 0.842938 0.521943 0.130502 -0.026220 -0.202423 0.978947
2342 /gyrosc/comp 307.369202
2344 /gyrosc/rrate 0.187408 -0.248618 -1.504247
2348 /gyrosc/comp 307.369202
2351 /gyrosc/gyro 0.130019 0.158344 -1.039369
2355 /gyrosc/accel 0.056950 -0.001085 0.004011
2358 /gyrosc/comp 309.145813
2362 /gyrosc/rmatrix 0.504889 -0.849060 -0.155510 0.862524 0.489204 0.129353 -0.033753 -0.199440 0.979329
2368 /gyrosc/comp 309.145813
2371 /gyrosc/gyro 0.129739 0.156336 -1.070459
2374 /gyrosc/comp 309.145813
2377 /gyrosc/gyro 0.129850 0.155713 -1.078279
2380 /gyrosc/accel 0.054641 0.009215 -0.021835
2383 /gyrosc/comp 310.943268
2386 /gyrosc/comp 310.943268
2389 /gyrosc/gyro 0.130584 0.153404 -1.109472
2393 /gyrosc/accel 0.055865 0.011988 -0.020325
2398 /gyrosc/rmatrix 0.457724 -0.876091 -0.151502 0.887840 0.441345 0.130213 -0.047214 -0.194111 0.979843
2403 /gyrosc/comp 312.730225
2406 /gyrosc/gyro 0.130744 0.152922 -1.117203
2410 /gyrosc/accel 0.056340 0.012147 -0.020273
2414 /gyrosc/gyro 0.130888 0.152137 -1.132530
2417 /gyrosc/comp 312.730225
2420 /gyrosc/gyro 0.130773 0.151512 -1.147663
2423 /gyrosc/comp 314.480682
2426 /gyrosc/gyro 0.130614 0.151227 -1.155161
2429 /gyrosc/comp 314.480682
2432 /gyrosc/gyro 0.130086 0.150620 -1.170091
2435 /gyrosc/comp 316.203705
2438 /gyrosc/gyro 0.129370 0.149912 -1.185078
2443 /gyrosc/rmatrix 0.389857 -0.908888 -0.148103 0.918786 0.373081 0.129010 -0.062001 -0.186370 0.980521
2449 /gyrosc/comp 316.203705
2452 /gyrosc/gyro 0.128984 0.149532 -1.192588
2457 /gyrosc/rmatrix 0.382943 -0.911881 -0.147738 0.921608 0.366189 0.128626 -0.063192 -0.185413 0.980627
2461 /gyrosc/comp 317.221863
2465 /gyrosc/gyro 0.128257 0.148753 -1.207655
2468 /gyrosc/rrate 0.157677 -0.274558 -1.483273
2471 /gyrosc/gyro 0.127683 0.147858 -1.222763
2474 /gyrosc/comp 317.221863
2477 /gyrosc/gyro 0.127472 0.147352 -1.230319
2482 /gyrosc/comp 318.259399
2485 /gyrosc/gyro 0.127243 0.146192 -1.245419
2488 /gyrosc/comp 318.259399
2491 /gyrosc/gyro 0.127185 0.145549 -1.252988
2494 /gyrosc/accel 0.043544 -0.007817 -0.005275
2498 /gyrosc/quat 0.809020 0.093889 0.021622 -0.579831
2502 /gyrosc/gyro 0.127161 0.144189 -1.268213
2505 /gyrosc/comp 319.302368
2508 /gyrosc/gyro 0.127125 0.142768 -1.283496
2512 /gyrosc/accel 0.044656 -0.007708 0.009579
2515 /gyrosc/comp 319.302368
2518 /gyrosc/gyro 0.126951 0.141329 -1.298785
2522 /gyrosc/comp 320.379913
2525 /gyrosc/gyro 0.126806 0.140582 -1.306417
2528 /gyrosc/accel 0.042967 -0.011977 0.019065
2531 /gyrosc/comp 320.379913
2535 /gyrosc/gyro 0.126426 0.139069 -1.321660
2537 /gyrosc/comp 320.379913
2541 /gyrosc/gyro 0.126214 0.138311 -1.329294
2546 /gyrosc/rmatrix 0.253729 -0.957556 -0.136774 0.963256 0.237259 0.125880 -0.088086 -0.163688 0.982572
2550 /gyrosc/comp 320.379913
2553 /gyrosc/gyro 0.125783 0.136760 -1.344627
2557 /gyrosc/comp 320.379913
2559 /gyrosc/gyro 0.125417 0.135116 -1.360076
2564 /gyrosc/accel 0.035389 -0.000248 0.018137
2567 /gyrosc/comp 321.891907
2570 /gyrosc/mag 51.736725 -8.667740 -233.765564
2573 /gyrosc/comp 321.891907
2577 /gyrosc/gyro 0.125146 0.132310 -1.383509
2579 /gyrosc/comp 321.891907
2583 /gyrosc/gyro 0.125315 0.130261 -1.399265
2586 /gyrosc/grav 0.128875 -0.124987 -0.983753
2589 /gyrosc/comp 321.891907
2593 /gyrosc/gyro 0.125508 0.129224 -1.407194
2596 /gyrosc/accel 0.035265 0.017864 0.003622
2599 /gyrosc/comp 323.562683
2602 /gyrosc/gyro 0.126038 0.127111 -1.423164
2606 /gyrosc/comp 323.562683
2610 /gyrosc/gyro 0.126554 0.124962 -1.439316
2613 /gyrosc/accel 0.038728 0.029567 0.008651
2616 /gyrosc/comp 323.562683
2619 /gyrosc/accel 0.043941 0.026954 0.012425
2622 /gyrosc/comp 324.787720
2625 /gyrosc/accel 0.051185 0.024268 0.018397
2628 /gyrosc/comp 324.787720
2631 /gyrosc/gyro 0.125841 0.119617 -1.480354
2635 /gyrosc/accel 0.045323 0.032949 0.018802
2637 /gyrosc/comp 324.787720
2641 /gyrosc/accel 0.046334 0.032164 0.019022
2644 /gyrosc/comp 324.787720
2648 /gyrosc/gyro 0.122624 0.116765 -1.505811
2652 /gyrosc/accel 0.025580 0.051150 0.016373
2655 /gyrosc/comp 324.787720
2658 /gyrosc/gyro 0.119107 0.115708 -1.523120
2662 /gyrosc/accel 0.002724 0.076757 0.007547
2665 /gyrosc/comp 326.583740
2668 /gyrosc/accel -0.007108 0.099579 -0.007534
2670 /gyrosc/comp 326.583740
2673 /gyrosc/gyro 0.112696 0.116130 -1.548933
2677 /gyrosc/accel -0.005027 0.108567 -0.026037
2680 /gyrosc/comp 326.583740
2683 /gyrosc/gyro 0.108351 0.117476 -1.565825
2686 /gyrosc/comp 326.583740
2690 /gyrosc/gyro 0.106353 0.118463 -1.574089
2694 /gyrosc/accel 0.002172 0.115125 -0.043060
2699 /gyrosc/rmatrix 0.009276 -0.993027 -0.117518 0.994344 -0.003274 0.106153 -0.105798 -0.117838 0.987381
2704 /gyrosc/gyro 0.102970 0.120665 -1.590162
2708 /gyrosc/grav 0.119735 -0.102788 -0.987471
2710 /gyrosc/comp 327.960693
2713 /gyrosc/gyro 0.100519 0.122530 -1.605712
2717 /gyrosc/accel 0.047018 0.102547 -0.036891
2720 /gyrosc/gyro 0.099614 0.123158 -1.613357
2723 /gyrosc/comp 327.960693
2727 /gyrosc/accel 0.067436 0.084901 -0.006844
2731 /gyrosc/comp 327.960693
2734 /gyrosc/gyro 0.097177 0.122309 -1.643819
2737 /gyrosc/quat 0.680923 0.077717 0.006053 -0.728194
2741 /gyrosc/comp 329.085114
2744 /gyrosc/gyro 0.096612 0.121230 -1.651485
2748 /gyrosc/rrate 0.067162 -0.392490 -1.522860
2751 /gyrosc/gyro 0.095246 0.118288 -1.666913
2755 /gyrosc/quat 0.672468 0.075656 0.004517 -0.736236
2758 /gyrosc/comp 329.085114
2761 /gyrosc/accel 0.052196 0.052423 0.015274
2764 /gyrosc/comp 329.085114
2767 /gyrosc/gyro 0.092284 0.112450 -1.690084
2771 /gyrosc/comp 329.085114
2774 /gyrosc/gyro 0.089708 0.108326 -1.705470
2777 /gyrosc/grav 0.107679 -0.089588 -0.990141
2780 /gyrosc/comp 330.314789
2783 /gyrosc/accel 0.005164 0.071284 -0.020635
2786 /gyrosc/rrate -0.143108 -0.503332 -1.537904
2790 /gyrosc/comp 330.314789
2793 /gyrosc/accel 0.006966 0.069749 -0.020315
2795 /gyrosc/comp 330.314789
2798 /gyrosc/gyro 0.082070 0.099085 -1.743713
2802 /gyrosc/accel -0.012439 0.082466 -0.040740
2805 /gyrosc/comp 330.314789
2808 /gyrosc/gyro 0.080452 0.097390 -1.751400
2811 /gyrosc/comp 330.314789
2815 /gyrosc/gyro 0.077223 0.094208 -1.766878
2818 /gyrosc/accel -0.045464 0.099118 -0.080766
2821 /gyrosc/comp 331.608643
2824 /gyrosc/gyro 0.074149 0.091485 -1.782502
2827 /gyrosc/rrate -0.148060 -0.358543 -1.577308
2830 /gyrosc/comp 331.608643
2833 /gyrosc/accel -0.059570 0.104011 -0.094814
2836 /gyrosc/comp 331.608643
2839 /gyrosc/gyro 0.070258 0.088461 -1.806346
2842 /gyrosc/accel -0.065072 0.106913 -0.108708
2845 /gyrosc/comp 331.608643
2849 /gyrosc/gyro 0.068323 0.087353 -1.822302
2852 /gyrosc/accel -0.064074 0.106722 -0.111850
2855 /gyrosc/comp 331.608643
2859 /gyrosc/gyro 0.067572 0.087067 -1.830239
2862 /gyrosc/rrate 0.001250 -0.145426 -1.576295
2865 /gyrosc/comp 333.096832
2868 /gyrosc/accel -0.055327 0.115275 -0.092528
2871 /gyrosc/comp 333.096832
2874 /gyrosc/gyro 0.065766 0.087364 -1.861375
2877 /gyrosc/accel -0.045973 0.116286 -0.069169
2880 /gyrosc/comp 333.096832
2885 /gyrosc/rmatrix -0.287197 -0.953886 -0.087286 0.953819 -0.293165 0.065443 -0.088014 -0.064460 0.994031
2891 /gyrosc/comp 333.096832
2894 /gyrosc/gyro 0.064958 0.087950 -1.884008
2897 /gyrosc/accel -0.040899 0.117021 -0.047561
2900 /gyrosc/comp 333.096832
2903 /gyrosc/gyro 0.064392 0.087999 -1.898702
2907 /gyrosc/accel -0.035427 0.110765 -0.028700
2912 /gyrosc/rmatrix -0.322319 -0.942573 -0.087552 0.942427 -0.328219 0.064053 -0.089111 -0.061866 0.994099
2916 /gyrosc/comp 334.494598
2919 /gyrosc/gyro 0.063535 0.087152 -1.920178
2923 /gyrosc/grav 0.086866 -0.063493 -0.994195
2927 /gyrosc/comp 334.494598
2930 /gyrosc/gyro 0.063129 0.086059 -1.934241
2933 /gyrosc/comp 334.494598
2935 /gyrosc/comp 335.764954
2938 /gyrosc/gyro 0.063020 0.084135 -1.955319
2942 /gyrosc/accel -0.044105 0.072255 -0.012367
2944 /gyrosc/comp 335.764954
2948 /gyrosc/gyro 0.063296 0.082921 -1.969441
2951 /gyrosc/accel -0.049915 0.064307 -0.013824
2954 /gyrosc/comp 335.764954
2957 /gyrosc/gyro 0.063499 0.082371 -1.976548
2960 /gyrosc/grav 0.082112 -0.063457 -0.994601
2963 /gyrosc/comp 335.764954
2966 /gyrosc/gyro 0.063883 0.081358 -1.990891
2970 /gyrosc/comp 335.764954
2974 /gyrosc/gyro 0.064062 0.080328 -2.005316
2977 /gyrosc/accel -0.058272 0.052894 -0.009938
2979 /gyrosc/comp 337.128448
2982 /gyrosc/gyro 0.064053 0.079789 -2.012544
2986 /gyrosc/accel -0.057736 0.052885 -0.009895
2989 /gyrosc/comp 337.128448
2992 /gyrosc/accel -0.051659 0.050990 -0.014370
2995 /gyrosc/comp 337.128448
2998 /gyrosc/gyro 0.063670 0.077324 -2.041315
3002 /gyrosc/accel -0.043978 0.053068 -0.025394
3006 /gyrosc/rmatrix -0.447613 -0.890898 -0.077090 0.889527 -0.452430 0.063627 -0.091563 -0.040093 0.994992
3012 /gyrosc/comp 337.128448
3014 /gyrosc/comp 337.128448
3016 /gyrosc/gyro 0.063373 0.075739 -2.062577
3020 /gyrosc/accel -0.036819 0.068015 -0.045350
3024 /gyrosc/rmatrix -0.466618 -0.881229 -0.075515 0.879724 -0.471248 0.063330 -0.091395 -0.036881 0.995132
3050 /gyrosc/comp 338.529541
3054 /gyrosc/gyro 0.063401 0.075151 -2.076390
3058 /gyrosc/accel -0.031640 0.069950 -0.050053
3064 /gyrosc/rmatrix -0.478798 -0.874722 -0.074929 0.873129 -0.483354 0.063359 -0.091638 -0.035087 0.995174
3070 /gyrosc/rrate 0.119937 -0.124197 -1.346820
3075 /gyrosc/quat 0.508188 0.048430 -0.008220 -0.859844
3078 /gyrosc/grav 0.074929 -0.063359 -0.995174
3082 /gyrosc/mag 53.230179 1.743164 -234.667343
3085 /gyrosc/alt 0.348785 101.100029
3088 /gyrosc/mag 52.947647 2.922089 -235.041992
3091 /gyrosc/comp 339.775055
3094 /gyrosc/gyro 0.068251 0.076439 -2.147954
3098 /gyrosc/mag 52.244476 4.141846 -235.006653
3103 /gyrosc/rmatrix -0.555718 -0.827851 -0.076412 0.825263 -0.560421 0.069772 -0.100584 -0.024286 0.994632
3109 /gyrosc/comp 341.005737
3111 /gyrosc/gyro 0.070598 0.076656 -2.180481
3115 /gyrosc/rrate 0.158428 -0.101448 -1.300829
3118 /gyrosc/comp 341.005737
3121 /gyrosc/gyro 0.070989 0.076572 -2.193710
3124 /gyrosc/comp 341.005737
3126 /gyrosc/gyro 0.071056 0.076533 -2.200306
3129 /gyrosc/comp 341.005737
3132 /gyrosc/accel -0.017480 0.031274 0.025733
3135 /gyrosc/comp 341.005737
3138 /gyrosc/gyro 0.070822 0.076625 -2.226227
3143 /gyrosc/rmatrix -0.603418 -0.793761 -0.076358 0.790798 -0.607973 0.070763 -0.102593 -0.017684 0.994566
3148 /gyrosc/comp 342.357086
3152 /gyrosc/gyro 0.070736 0.076670 -2.232559
3155 /gyrosc/accel -0.001880 0.048109 0.007234
3158 /gyrosc/comp 342.357086
3161 /gyrosc/gyro 0.070624 0.076674 -2.245020
3164 /gyrosc/accel 0.006539 0.052834 -0.002631
3168 /gyrosc/gyro 0.070706 0.076433 -2.257218
3173 /gyrosc/rmatrix -0.627750 -0.774679 -0.076168 0.771586 -0.632189 0.070647 -0.102882 -0.014421 0.994589
3177 /gyrosc/comp 342.357086
3183 /gyrosc/rmatrix -0.632398 -0.770912 -0.075937 0.767774 -0.636797 0.070792 -0.102931 -0.013534 0.994596
3187 /gyrosc/comp 342.357086
3190 /gyrosc/gyro 0.071334 0.075598 -2.275032
3193 /gyrosc/comp 342.357086
3196 /gyrosc/gyro 0.072061 0.074980 -2.286700
3199 /gyrosc/comp 342.357086
3202 /gyrosc/gyro 0.072480 0.074705 -2.292477
3205 /gyrosc/comp 342.357086
3208 /gyrosc/gyro 0.073330 0.074274 -2.303859
3211 /gyrosc/rrate 0.163331 -0.111119 -1.110360
3214 /gyrosc/comp 342.357086
3217 /gyrosc/accel 0.013010 0.062237 -0.043017
3221 /gyrosc/comp 343.875702
3224 /gyrosc/gyro 0.074393 0.074223 -2.320408
3227 /gyrosc/accel 0.012919 0.062560 -0.043048
3230 /gyrosc/comp 343.875702
3233 /gyrosc/gyro 0.075011 0.074713 -2.330986
3236 /gyrosc/comp 343.875702
3239 /gyrosc/gyro 0.075682 0.075490 -2.341214
3242 /gyrosc/rrate 0.148118 0.005922 -0.988880
3245 /gyrosc/comp 343.875702
3248 /gyrosc/gyro 0.076075 0.075881 -2.346207
3252 /gyrosc/grav 0.075589 -0.076002 -0.994238
3255 /gyrosc/comp 343.875702
3258 /gyrosc/gyro 0.077008 0.076520 -2.356020
3262 /gyrosc/comp 343.875702
3265 /gyrosc/gyro 0.078144 0.076857 -2.365675
3268 /gyrosc/accel 0.012442 0.049745 -0.027143
3273 /gyrosc/rmatrix -0.707473 -0.702582 -0.076547 0.698234 -0.711600 0.078065 -0.109318 0.001781 0.994005
3278 /gyrosc/gyro 0.078777 0.076923 -2.370459
3283 /gyrosc/rmatrix -0.710786 -0.699224 -0.076609 0.694787 -0.714897 0.078695 -0.109793 0.002709 0.993951
3287 /gyrosc/comp 343.875702
3291 /gyrosc/accel 0.007330 0.044438 -0.020448
3297 /gyrosc/rmatrix -0.717352 -0.692489 -0.076578 0.687870 -0.721413 0.079991 -0.110637 0.004706 0.993850
3304 /gyrosc/rrate 0.200085 -0.085169 -0.934489
3308 /gyrosc/quat 0.372520 0.050524 -0.022857 -0.926366
3312 /gyrosc/grav 0.076578 -0.079991 -0.993850
3316 /gyrosc/mag 49.367828 9.027359 -236.226105
3319 /gyrosc/comp 345.128021
3322 /gyrosc/gyro 0.081311 0.076789 -2.389539
3326 /gyrosc/rrate 0.145663 -0.079563 -0.925626
3329 /gyrosc/gyro 0.083558 0.076787 -2.417807
3333 /gyrosc/comp 345.128021
3338 /gyrosc/rmatrix -0.748882 -0.658239 -0.076789 0.653008 -0.752704 0.083767 -0.112939 0.012588 0.993522
3343 /gyrosc/comp 345.128021
3346 /gyrosc/gyro 0.084122 0.077512 -2.436077
3352 /gyrosc/rmatrix -0.754773 -0.651433 -0.077160 0.646134 -0.758585 0.084022 -0.113268 0.013562 0.993472
3356 /gyrosc/comp 346.344391
3359 /gyrosc/gyro 0.084276 0.077658 -2.440585
3363 /gyrosc/comp 346.344391
3365 /gyrosc/comp 346.344391
3368 /gyrosc/gyro 0.085318 0.077883 -2.458456
3374 /gyrosc/rmatrix -0.769060 -0.634457 -0.077521 0.628933 -0.772775 0.085214 -0.113971 0.016779 0.993342
3381 /gyrosc/gyro 0.085708 0.077894 -2.462885
3384 /gyrosc/accel -0.023223 0.047212 -0.018960
3387 /gyrosc/comp 346.344391
3391 /gyrosc/accel -0.026620 0.048386 -0.018681
3394 /gyrosc/comp 346.344391
3397 /gyrosc/gyro 0.087136 0.078126 -2.476016
3401 /gyrosc/gyro 0.088144 0.078598 -2.484650
3404 /gyrosc/comp 347.484283
3407 /gyrosc/gyro 0.089123 0.079222 -2.493106
3411 /gyrosc/accel -0.028959 0.048538 0.000888
3414 /gyrosc/comp 347.484283
3417 /gyrosc/gyro 0.089582 0.079559 -2.497237
3424 /gyrosc/rmatrix -0.792687 -0.604467 -0.079156 0.598275 -0.796281 0.089463 -0.117108 0.023559 0.992840
3428 /gyrosc/comp 347.484283
3433 /gyrosc/rmatrix -0.797430 -0.598107 -0.079827 0.591767 -0.801032 0.090326 -0.117969 0.024790 0.992708
3438 /gyrosc/grav 0.079827 -0.090326 -0.992708
3442 /gyrosc/accel -0.027199 0.044026 0.015359
3445 /gyrosc/mag 46.693756 11.919434 -236.333817
3448 /gyrosc/comp 347.484283
3451 /gyrosc/comp 347.484283
3454 /gyrosc/gyro 0.092234 0.081126 -2.525044
3457 /gyrosc/comp 347.484283
3463 /gyrosc/rmatrix -0.813368 -0.576119 -0.080736 0.569385 -0.816838 0.092604 -0.119299 0.029351 0.992424
3467 /gyrosc/comp 347.484283
3470 /gyrosc/gyro 0.092945 0.081180 -2.536738
3474 /gyrosc/comp 347.484283
3477 /gyrosc/gyro 0.093287 0.081228 -2.544469
3480 /gyrosc/accel -0.030447 0.045117 0.009886
3483 /gyrosc/comp 347.484283
3486 /gyrosc/comp 348.733887
3489 /gyrosc/gyro 0.093913 0.081355 -2.555806
3494 /gyrosc/rmatrix -0.826308 -0.557376 -0.080907 0.550419 -0.829606 0.093775 -0.119389 0.032954 0.992301
3500 /gyrosc/comp 348.733887
3503 /gyrosc/gyro 0.094567 0.081440 -2.563094
3507 /gyrosc/grav 0.080987 -0.094426 -0.992232
3510 /gyrosc/comp 348.733887
3514 /gyrosc/gyro 0.095552 0.081643 -2.570088
3517 /gyrosc/comp 348.733887
3520 /gyrosc/gyro 0.096182 0.081819 -2.573467
3524 /gyrosc/accel -0.024053 0.066019 -0.029253
3527 /gyrosc/grav 0.081350 -0.096033 -0.992048
3530 /gyrosc/comp 348.733887
3534 /gyrosc/gyro 0.099012 0.082435 -2.586452
3537 /gyrosc/grav 0.081938 -0.098851 -0.991723
3540 /gyrosc/comp 348.733887
3544 /gyrosc/accel -0.016198 0.055822 -0.013327
3548 /gyrosc/comp 348.733887
3551 /gyrosc/gyro 0.100690 0.082224 -2.595855
3554 /gyrosc/quat 0.270918 0.053080 -0.037359 -0.960411
3558 /gyrosc/comp 348.733887
3561 /gyrosc/gyro 0.101535 0.082042 -2.601896
3564 /gyrosc/comp 348.733887
3567 /gyrosc/gyro 0.101889 0.082013 -2.604847
3571 /gyrosc/grav 0.081496 -0.101713 -0.991470
3574 /gyrosc/comp 348.733887
3577 /gyrosc/gyro 0.102542 0.082131 -2.610635
3580 /gyrosc/comp 348.733887
3583 /gyrosc/gyro 0.103233 0.082522 -2.616283
3587 /gyrosc/comp 348.733887
3591 /gyrosc/gyro 0.103606 0.082798 -2.619072
3594 /gyrosc/accel -0.007248 0.024884 -0.005306
3597 /gyrosc/comp 348.733887
3600 /gyrosc/gyro 0.104376 0.083370 -2.624580
3603 /gyrosc/rrate 0.118330 -0.004460 -0.533550
3606 /gyrosc/gyro 0.104739 0.083615 -2.627318
3610 /gyrosc/accel 0.001657 0.017374 0.000735
3614 /gyrosc/comp 349.852448
3621 /gyrosc/gyro 0.105381 0.083933 -2.632776
3625 /gyrosc/accel 0.008915 0.010170 0.009461
3630 /gyrosc/rmatrix -0.865951 -0.493130 -0.083370 0.484442 -0.868476 0.105186 -0.124275 0.050698 0.990952
3636 /gyrosc/rrate 0.100153 -0.040683 -0.534642
3641 /gyrosc/quat 0.253241 0.053791 -0.040382 -0.965062
3644 /gyrosc/grav 0.083370 -0.105186 -0.990952
3648 /gyrosc/mag 44.012527 13.766022 -236.044205
3651 /gyrosc/gyro 0.105871 0.083772 -2.644062
3654 /gyrosc/comp 349.852448
3657 /gyrosc/comp 349.852448
3660 /gyrosc/accel 0.014866 0.004900 -0.007174
3663 /gyrosc/comp 349.852448
3666 /gyrosc/gyro 0.104915 0.083337 -2.662684
3670 /gyrosc/comp 349.852448
3674 /gyrosc/gyro 0.104932 0.083700 -2.669055
3677 /gyrosc/accel 0.021105 0.015888 -0.021494
3680 /gyrosc/comp 349.852448
3683 /gyrosc/gyro 0.105462 0.084332 -2.675356
3687 /gyrosc/accel 0.031226 0.027492 -0.034435
3690 /gyrosc/comp 349.852448
3693 /gyrosc/gyro 0.105950 0.084701 -2.678459
3696 /gyrosc/comp 349.852448
3699 /gyrosc/gyro 0.107371 0.085398 -2.684591
3703 /gyrosc/accel 0.049291 0.039339 -0.043104
